L	-0.1080	2.5509	1477010443000000	0.0000	2.7500	0.0000	1.0000
R	3.2546	1.5872	0.8253	1477010443400000	-0.0220	3.0991	-0.1097	0.9940
L	-0.2011	3.3953	1477010443800000	-0.0938	3.4924	-0.2334	0.9724
R	3.7829	1.6379	0.9488	1477010444200000	-0.2143	3.8735	-0.3535	0.9354
L	-0.5822	4.1399	1477010444600000	-0.3817	4.2365	-0.4679	0.8838
R	4.2641	1.6709	1.2881	1477010445000000	-0.5932	4.5757	-0.5750	0.8181
L	-0.9253	4.8304	1477010445400000	-0.8456	4.8857	-0.6730	0.7396
R	5.4822	1.7966	1.2599	1477010445800000	-1.1348	5.1616	-0.7604	0.6494
L	-1.4435	5.3089	1477010446200000	-1.4564	5.3991	-0.8358	0.5490
R	6.1401	1.8652	1.3766	1477010446600000	-1.8051	5.5945	-0.8980	0.4399
L	-2.0393	6.0507	1477010447000000	-2.1756	5.7445	-0.9461	0.3239
R	6.1432	1.9933	0.7025	1477010447400000	-2.5620	5.8470	-0.9792	0.2028
L	-3.0182	5.9582	1477010447800000	-2.9582	5.9002	-0.9969	0.0785
R	6.9569	2.1300	0.3561	1477010448200000	-3.3579	5.9033	-0.9989	-0.0471
L	-3.5949	5.8437	1477010448600000	-3.7549	5.8563	-0.9851	-0.1719
R	7.4921	2.1986	0.2292	1477010449000000	-4.1429	5.7600	-0.9558	-0.2940
L	-4.8613	5.7110	1477010449400000	-4.5157	5.6157	-0.9114	-0.4115
R	7.8004	2.3232	0.1679	1477010449800000	-4.8675	5.4259	-0.8526	-0.5225
L	-5.2656	5.1258	1477010450200000	-5.1927	5.1935	-0.7804	-0.6252
R	7.4468	2.4091	-0.1148	1477010450600000	-5.4863	4.9222	-0.6959	-0.7181
L	-5.7085	4.4934	1477010451000000	-5.7435	4.6162	-0.6004	-0.7997
R	7.2208	2.5361	-0.1943	1477010451400000	-5.9603	4.2804	-0.4955	-0.8686
L	-6.1818	3.7633	1477010451800000	-6.1333	3.9200	-0.3827	-0.9239
R	6.6225	2.6930	-0.5159	1477010452200000	-6.2599	3.5408	-0.2639	-0.9646
L	-6.2411	3.1241	1477010452600000	-6.3378	3.1487	-0.1409	-0.9900
R	6.9513	2.7626	-0.5450	1477010453000000	-6.3661	2.7500	-0.0157	-0.9999
L	-6.4244	2.4625	1477010453400000	-6.3441	2.3509	0.1097	-0.9940
R	6.4492	2.8427	-0.4376	1477010453800000	-6.2723	1.9576	0.2334	-0.9724
L	-6.1061	1.4741	1477010454200000	-6.1518	1.5765	0.3535	-0.9355
R	6.2659	2.9233	-0.3847	1477010454600000	-5.9844	1.2135	0.4679	-0.8838
L	-5.7602	0.9982	1477010455000000	-5.7729	0.8743	0.5750	-0.8182
R	5.3940	3.0291	-1.0695	1477010455400000	-5.5205	0.5643	0.6730	-0.7396
L	-5.2287	0.4303	1477010455800000	-5.2312	0.2884	0.7604	-0.6495
R	5.0591	3.1717	-0.9436	1477010456200000	-4.9097	0.0509	0.8358	-0.5490
L	-4.7103	0.0639	1477010456600000	-4.5609	-0.1444	0.8980	-0.4400
R	4.6275	-3.1078	-1.1693	1477010457000000	-4.1904	-0.2945	0.9461	-0.3239
L	-3.7547	-0.2630	1477010457400000	-3.8040	-0.3970	0.9792	-0.2028
R	3.4193	-3.0640	-1.0537	1477010457800000	-3.4079	-0.4502	0.9969	-0.0785
L	-2.9728	-0.5224	1477010458200000	-3.0081	-0.4533	0.9989	0.0471
R	2.8355	-2.9358	-1.0965	1477010458600000	-2.6112	-0.4063	0.9851	0.1719
L	-2.1704	-0.3825	1477010459000000	-2.2232	-0.3100	0.9558	0.2940
R	1.7979	-2.9967	-1.3152	1477010459400000	-1.8504	-0.1657	0.9114	0.4115
L	-1.3668	0.0337	1477010459800000	-1.4986	0.0241	0.8527	0.5225
R	1.0606	2.9036	-1.1686	1477010460200000	-1.1734	0.2565	0.7804	0.6252
L	-1.1183	0.5506	1477010460600000	-0.8798	0.5278	0.6959	0.7181
R	0.2060	2.1457	1.6657	1477010461000000	-0.6226	0.8338	0.6004	0.7997
L	-0.6761	1.0332	1477010461400000	-0.4058	1.1697	0.4955	0.8686
R	1.0370	1.7545	1.3931	1477010461800000	-0.2327	1.5300	0.3827	0.9239
L	-0.1328	1.9020	1477010462200000	-0.1062	1.9092	0.2639	0.9645
R	1.8398	1.6388	1.6888	1477010462600000	-0.0282	2.3013	0.1409	0.9900
L	-0.1861	2.7611	1477010463000000	0.0000	2.7000	0.0157	0.9999
R	3.3969	1.5860	0.6580	1477010463400000	0.0110	3.0997	0.0785	0.9969
L	0.1461	3.4969	1477010463800000	0.0704	3.4949	0.2028	0.9792
R	3.9663	1.5323	0.7514	1477010464200000	0.1789	3.8797	0.3240	0.9461
L	0.3757	4.1811	1477010464600000	0.3348	4.2478	0.4400	0.8980
R	4.9931	1.4336	0.8094	1477010465000000	0.5356	4.5934	0.5491	0.8358
L	0.7658	4.9090	1477010465400000	0.7781	4.9112	0.6495	0.7604
R	5.3737	1.3607	0.9622	1477010465800000	1.0585	5.1961	0.7397	0.6730
L	1.3099	5.6066	1477010466200000	1.3724	5.4436	0.8182	0.5750
R	6.2232	1.3105	-0.1441	1477010466600000	1.7149	5.6497	0.8838	0.4679
L	1.8428	5.9058	1477010467000000	2.0805	5.8114	0.9355	0.3534
R	7.1662	1.1596	0.6032	1477010467400000	2.4635	5.9259	0.9724	0.2334
L	2.6143	5.9123	1477010467800000	2.8578	5.9915	0.9940	0.1097
R	7.2090	1.1008	0.3032	1477010468200000	3.2572	6.0072	0.9999	-0.0157
L	3.5012	5.9018	1477010468600000	3.6555	5.9727	0.9900	-0.1409
R	7.7087	0.9914	-0.0983	1477010469000000	4.0463	5.8886	0.9646	-0.2639
L	4.3190	6.0118	1477010469400000	4.4234	5.7562	0.9239	-0.3827
R	7.5047	0.8395	-0.4801	1477010469800000	4.7810	5.5775	0.8686	-0.4955
L	5.3000	5.1859	1477010470200000	5.1134	5.3554	0.7997	-0.6004
R	7.0437	0.7634	0.4407	1477010470600000	5.4153	5.0934	0.7181	-0.6959
L	5.8517	4.7638	1477010471000000	5.6820	4.7956	0.6252	-0.7804
R	7.6283	0.6943	-0.2271	1477010471400000	5.9093	4.4668	0.5225	-0.8527
L	5.8522	4.1235	1477010471800000	6.0936	4.1121	0.4115	-0.9114
R	7.4016	0.5872	-0.1563	1477010472200000	6.2319	3.7370	0.2940	-0.9558
L	6.3401	3.5235	1477010472600000	6.3222	3.3476	0.1719	-0.9851
R	6.6629	0.4190	-0.5410	1477010473000000	6.3629	2.9500	0.0471	-0.9989
L	6.6014	2.3866	1477010473400000	6.3535	2.5503	-0.0785	-0.9969
R	6.3351	0.3044	-0.8366	1477010473800000	6.2941	2.1550	-0.2028	-0.9792
L	6.4070	1.7021	1477010474200000	6.1856	1.7703	-0.3239	-0.9461
R	6.2295	0.2195	-0.6347	1477010474600000	6.0297	1.4022	-0.4400	-0.8980
L	5.8461	0.8616	1477010475000000	5.8289	1.0565	-0.5490	-0.8358
R	5.6891	0.1494	-0.7248	1477010475400000	5.5864	0.7388	-0.6495	-0.7604
L	5.6891	0.7005	1477010475800000	5.3060	0.4539	-0.7396	-0.6730
R	5.0380	0.0247	-0.6588	1477010476200000	4.9920	0.2064	-0.8182	-0.5750
L	4.7891	0.1498	1477010476600000	4.6496	0.0002	-0.8838	-0.4679
R	4.7371	-0.0066	-0.5119	1477010477000000	4.2840	-0.1614	-0.9354	-0.3535
L	3.7583	-0.4852	1477010477400000	3.9010	-0.2759	-0.9724	-0.2334
R	3.3077	-0.0931	-0.9608	1477010477800000	3.5067	-0.3416	-0.9940	-0.1097
L	3.0621	-0.5040	1477010478200000	3.1072	-0.3573	-0.9999	0.0157
R	2.3648	-0.1170	-0.8534	1477010478600000	2.7090	-0.3228	-0.9900	0.1409
L	2.1160	-0.0343	1477010479000000	2.3182	-0.2386	-0.9646	0.2639
R	2.1017	-0.0490	-0.5121	1477010479400000	1.9410	-0.1062	-0.9239	0.3827
L	1.8777	-0.1258	1477010479800000	1.5835	0.0725	-0.8686	0.4955
R	0.9372	0.2413	-1.4780	1477010480200000	1.2511	0.2946	-0.7997	0.6004
L	1.0207	0.4110	1477010480600000	0.9492	0.5566	-0.7181	0.6959
R	1.4085	0.8436	0.1498	1477010481000000	0.6825	0.8543	-0.6252	0.7804
L	0.4217	1.4652	1477010481400000	0.4552	1.1832	-0.5225	0.8526
R	0.8490	1.3876	1.7663	1477010481800000	0.2709	1.5379	-0.4115	0.9114
L	0.1943	1.8106	1477010482200000	0.1326	1.9129	-0.2940	0.9558
R	2.5115	1.5783	0.8732	1477010482600000	0.0423	2.3024	-0.1719	0.9851
L	0.2884	2.6125	1477010483000000	0.0016	2.7000	-0.0471	0.9989
